[hotplate1]
a1 = 0.00112759470035273
a2 = 0.820085915455346
b = 11.0122612663442

[hotplate2]
a1 = 0.001240094001752
a2 = 0.938131307698908
b = 8.511123118723250

[hotplate3]
a1 = 0.000287543659539014
a2 = 0.867801163146551
b = 13.2453441588129